Timesteps: 3000000
Config:
{'hit_base_reward': 2,
 'hit_plane_reward': 1,
 'lose_punishment': -3,
 'miss_punishment': 0,
 'too_long_punishment': 0}
Parameters:
{'batch_size': 44,
 'buffer_size': 2465445,
 'exploration_fraction': 0.23960444486826096,
 'gamma': 0.976118694097077,
 'learning_rate': 0.00011449401994438678,
 'tau': 0.5408904594139922}
